ModelPath: 26\101.step
LeftFaceID: 1
RightFaceID: 49
ConfigCounts: Vol=160, Left=8, Right=8

SAMPLES_DATA (Format: x y z o v)
0.770555 0.448661 0.325195 0.674806 -1.000000
0.449302 0.320919 0.753198 0.246802 -1.000000
0.717185 0.753687 0.108694 0.891306 -1.000000
0.608182 0.248199 0.842647 0.157353 -1.000000
0.663554 0.611351 0.226927 0.773073 -1.000000
0.125761 0.215636 0.490401 0.509599 -1.000000
0.805679 0.661490 0.442038 0.557962 -1.000000
0.828738 0.495641 0.699747 0.300253 -1.000000
0.014123 0.276771 0.121839 0.878161 -1.000000
0.954645 0.983949 0.109829 0.890171 -1.000000
0.402337 0.788425 0.192086 0.807914 -1.000000
0.676547 0.184429 0.649965 0.350035 -1.000000
0.202547 0.556944 0.454767 0.545233 -1.000000
0.589101 0.616460 0.049035 0.950965 -1.000000
0.260834 0.858551 0.553287 0.446713 -1.000000
0.249778 0.997392 0.113374 0.886626 -1.000000
0.166091 0.481471 0.638426 0.361574 -1.000000
0.672602 0.714051 0.446152 0.553848 -1.000000
0.562471 0.888650 0.893772 0.106228 -1.000000
0.423840 0.378166 0.040986 0.959014 -1.000000
0.878541 0.432460 0.240403 0.759597 -1.000000
0.333638 0.012027 0.657056 0.342944 -1.000000
0.351776 0.710556 0.155059 0.844941 -1.000000
0.957870 0.165151 0.687696 0.312304 -1.000000
0.132615 0.745158 0.244701 0.755299 -1.000000
0.614273 0.071220 0.462139 0.537861 -1.000000
0.252229 0.961358 0.760547 0.239453 -1.000000
0.284732 0.474541 0.335249 0.664751 -1.000000
0.454318 0.860464 0.507171 0.492829 -1.000000
0.918500 0.497761 0.461024 0.538976 -1.000000
0.463606 0.602083 0.925069 0.074931 -1.000000
0.651130 0.913522 0.964715 0.035285 -1.000000
0.511165 0.969412 0.499347 0.500653 -1.000000
0.851250 0.013587 0.561430 0.438570 -1.000000
0.477324 0.786744 0.840218 0.159782 -1.000000
0.333067 0.025024 0.166908 0.833092 -1.000000
0.005765 0.329238 0.612320 0.387680 -1.000000
0.683052 0.872538 0.773761 0.226239 -1.000000
0.760781 0.277941 0.074842 0.925158 -1.000000
0.494449 0.514760 0.501889 0.498111 -1.000000
0.848331 0.256274 0.745480 0.254520 -1.000000
0.617629 0.942629 0.727154 0.272846 -1.000000
0.313024 0.505284 0.745964 0.254036 -1.000000
0.261955 0.856225 0.895992 0.104008 -1.000000
0.141501 0.328482 0.318363 0.681637 -1.000000
0.342884 0.047066 0.952025 0.047975 -1.000000
0.546269 0.621274 0.935250 0.064750 -1.000000
0.950874 0.770492 0.389683 0.610317 -1.000000
0.056817 0.523625 0.760614 0.239386 -1.000000
0.013173 0.402082 0.022319 0.977682 -1.000000
0.788216 0.013172 0.717008 0.282992 -1.000000
0.581826 0.900122 0.274497 0.725503 -1.000000
0.387596 0.000210 0.330384 0.669616 -1.000000
0.073697 0.552089 0.251226 0.748774 -1.000000
0.507187 0.151291 0.650684 0.349316 -1.000000
0.453770 0.069169 0.895952 0.104048 -1.000000
0.187885 0.192589 0.762685 0.237315 -1.000000
0.319039 0.819328 0.966759 0.033241 -1.000000
0.221883 0.590970 0.406416 0.593584 -1.000000
0.706758 0.669346 0.224458 0.775542 -1.000000
0.014790 0.844381 0.909442 0.090558 -1.000000
0.078381 0.936706 0.476635 0.523365 -1.000000
0.441533 0.793875 0.803493 0.196507 -1.000000
0.099529 0.463914 0.886634 0.113366 -1.000000
0.125358 0.628123 0.618833 0.381167 -1.000000
0.749779 0.651170 0.060105 0.939895 -1.000000
0.129372 0.118236 0.099254 0.900746 -1.000000
0.963749 0.212595 0.677744 0.322256 -1.000000
0.858542 0.988964 0.692904 0.307096 -1.000000
0.682680 0.178291 0.824317 0.175683 -1.000000
0.708488 0.113005 0.556075 0.443925 -1.000000
0.096685 0.455844 0.859370 0.140630 -1.000000
0.389875 0.203527 0.864280 0.135720 -1.000000
0.337574 0.508528 0.684245 0.315755 -1.000000
0.774490 0.805918 0.010989 0.989011 -1.000000
0.554284 0.973046 0.927062 0.072938 -1.000000
0.517133 0.382074 0.138769 0.861231 -1.000000
0.752854 0.744705 0.571270 0.428730 -1.000000
0.080345 0.758085 0.639529 0.360471 -1.000000
0.492931 0.706520 0.838448 0.161551 -1.000000
0.172399 0.644369 0.587843 0.412157 -1.000000
0.086714 0.636339 0.173446 0.826554 -1.000000
0.086833 0.566150 0.852267 0.147733 -1.000000
0.712748 0.137397 0.540782 0.459218 -1.000000
0.986164 0.285062 0.611206 0.388794 -1.000000
0.365412 0.563217 0.304098 0.695902 -1.000000
0.739069 0.659586 0.588174 0.411826 -1.000000
0.350573 0.927901 0.496118 0.503882 -1.000000
0.030236 0.687487 0.477211 0.522789 -1.000000
0.136349 0.964050 0.767714 0.232286 -1.000000
0.835403 0.882486 0.243529 0.756471 -1.000000
0.583911 0.314362 0.906996 0.093004 -1.000000
0.950870 0.877356 0.357439 0.642561 -1.000000
0.110340 0.553157 0.918319 0.081681 -1.000000
0.379261 0.800876 0.038347 0.961653 -1.000000
0.239544 0.726902 0.504891 0.495109 -1.000000
0.689033 0.191159 0.545706 0.454294 -1.000000
0.705480 0.780827 0.026960 0.973040 -1.000000
0.912625 0.766502 0.248935 0.751065 -1.000000
0.223898 0.267040 0.545695 0.454305 -1.000000
0.063205 0.717319 0.439122 0.560878 -1.000000
0.961704 0.926963 0.433526 0.566474 -1.000000
0.747405 0.702884 0.586319 0.413681 -1.000000
0.779318 0.113647 0.655389 0.344611 -1.000000
0.352245 0.437831 0.579097 0.420903 -1.000000
0.282805 0.768123 0.933257 0.066743 -1.000000
0.744691 0.821390 0.127940 0.872060 -1.000000
0.104378 0.630986 0.342728 0.657272 -1.000000
0.338764 0.546083 0.197410 0.802590 -1.000000
0.825643 0.153513 0.993290 0.006709 -1.000000
0.262567 0.573203 0.034279 0.965722 -1.000000
0.763491 0.444321 0.548072 0.451928 -1.000000
0.272118 0.766452 0.058451 0.941549 -1.000000
0.922114 0.023172 0.784505 0.215495 -1.000000
0.355198 0.947614 0.447913 0.552087 -1.000000
0.237427 0.611972 0.421209 0.578791 -1.000000
0.907460 0.472712 0.654617 0.345383 -1.000000
0.349187 0.115148 0.708400 0.291600 -1.000000
0.083226 0.456400 0.131672 0.868328 -1.000000
0.032232 0.912609 0.313711 0.686289 -1.000000
0.245049 0.105538 0.688373 0.311627 -1.000000
0.472002 0.987389 0.352887 0.647113 -1.000000
0.778847 0.925006 0.226371 0.773630 -1.000000
0.713920 0.108123 0.469783 0.530217 -1.000000
0.083686 0.604100 0.853195 0.146805 -1.000000
0.527479 0.044426 0.572739 0.427261 -1.000000
0.634765 0.318308 0.767913 0.232087 -1.000000
0.487689 0.060686 0.493863 0.506137 -1.000000
0.965969 0.435698 0.786659 0.213341 -1.000000
0.128426 0.869682 0.506637 0.493363 -1.000000
0.233928 0.889873 0.414948 0.585052 -1.000000
0.416603 0.633941 0.391301 0.608699 -1.000000
0.973627 0.754815 0.380164 0.619836 -1.000000
0.158017 0.721014 0.759337 0.240663 -1.000000
0.480891 0.524179 0.087627 0.912373 -1.000000
0.577429 0.772010 0.281443 0.718557 -1.000000
0.006338 0.210416 0.342088 0.657912 -1.000000
0.839095 0.203738 0.714587 0.285413 -1.000000
0.444752 0.940111 0.703154 0.296846 -1.000000
0.156959 0.195769 0.352925 0.647075 -1.000000
0.669838 0.629058 0.969165 0.030834 -1.000000
0.783918 0.430990 0.758419 0.241581 -1.000000
0.884882 0.013038 0.141469 0.858531 -1.000000
0.727124 0.624384 0.523390 0.476610 -1.000000
0.407278 0.816750 0.725748 0.274252 -1.000000
0.318428 0.412612 0.849011 0.150989 -1.000000
0.558798 0.405303 0.090612 0.909388 -1.000000
0.129466 0.159547 0.400247 0.599753 -1.000000
0.085641 0.760027 0.169169 0.830831 -1.000000
0.246131 0.401521 0.935281 0.064719 -1.000000
0.091711 0.417515 0.098373 0.901627 -1.000000
0.142881 0.261119 0.471821 0.528179 -1.000000
0.143617 0.797586 0.188938 0.811062 -1.000000
0.276767 0.647155 0.374148 0.625852 -1.000000
0.291526 0.383758 0.592681 0.407319 -1.000000
0.084626 0.163857 0.803219 0.196781 -1.000000
0.990747 0.252740 0.587584 0.412416 -1.000000
0.261479 0.498242 0.765856 0.234144 -1.000000
0.464138 0.499141 0.645172 0.354828 -1.000000
0.800698 0.983423 0.873231 0.126769 -1.000000

LEFT_POINTS (Format: x y z)
0.163876 0.746914 1.000000
0.398862 0.838537 1.000000
0.968167 0.084619 1.000000
0.808445 0.534647 1.000000
0.603174 0.579770 1.000000
0.119594 0.613765 1.000000
0.033292 0.085647 1.000000
0.363563 0.749199 1.000000

RIGHT_POINTS (Format: x y z)
0.914206 0.698656 0.000000
0.947871 0.922095 0.000000
0.402545 0.731670 0.000000
0.411477 0.521390 0.000000
0.594582 0.603458 0.000000
0.685067 0.543317 0.000000
0.654397 0.034444 0.000000
0.532655 0.578197 0.000000

ACTUAL_COUNTS: Vol=160, Left=8, Right=8
